	A	B	C	D	E	F	G	H	I	K	L	M	N	P	Q	R	S	T	V	W	X	Y	Z
A	4	-2	0	-2	-1	-2	0	-2	-1	-1	-1	-1	-2	-1	-1	-1	1	0	0	-3	0	-2	-1
B	-2	4	-3	4	1	-3	-1	0	-3	0	-4	-3	3	-2	0	-1	0	-1	-3	-4	-1	-3	1
C	0	-3	9	-3	-4	-2	-3	-3	-1	-3	-1	-1	-3	-3	-3	-3	-1	-1	-1	-2	-2	-2	-3
D	-2	4	-3	6	2	-3	-1	-1	-3	-1	-4	-3	1	-1	0	-2	0	-1	-3	-4	-1	-3	1
E	-1	1	-4	2	5	-3	-2	0	-3	1	-3	-2	0	-1	2	0	0	-1	-2	-3	-1	-2	4
F	-2	-3	-2	-3	-3	6	-3	-1	0	-3	0	0	-3	-4	-3	-3	-2	-2	-1	1	-1	3	-3
G	0	-1	-3	-1	-2	-3	6	-2	-4	-2	-4	-3	0	-2	-2	-2	0	-2	-3	-2	-1	-3	-2
H	-2	0	-3	-1	0	-1	-2	8	-3	-1	-3	-2	1	-2	0	0	-1	-2	-3	-2	-1	2	0
I	-1	-3	-1	-3	-3	0	-4	-3	4	-3	2	1	-3	-3	-3	-3	-2	-1	3	-3	-1	-1	-3
K	-1	0	-3	-1	1	-3	-2	-1	-3	5	-2	-1	0	-1	1	2	0	-1	-2	-3	-1	-2	1
L	-1	-4	-1	-4	-3	0	-4	-3	2	-2	4	2	-3	-3	-2	-2	-2	-1	1	-2	-1	-1	-3
M	-1	-3	-1	-3	-2	0	-3	-2	1	-1	2	5	-2	-2	0	-1	-1	-1	1	-1	-1	-1	-1
N	-2	3	-3	1	0	-3	0	1	-3	0	-3	-2	6	-2	0	0	1	0	-3	-4	-1	-2	0
P	-1	-2	-3	-1	-1	-4	-2	-2	-3	-1	-3	-2	-2	7	-1	-2	-1	-1	-2	-4	-2	-3	-1
Q	-1	0	-3	0	2	-3	-2	0	-3	1	-2	0	0	-1	5	1	0	-1	-2	-2	-1	-1	3
R	-1	-1	-3	-2	0	-3	-2	0	-3	2	-2	-1	0	-2	1	5	-1	-1	-3	-3	-1	-2	0
S	1	0	-1	0	0	-2	0	-1	-2	0	-2	-1	1	-1	0	-1	4	1	-2	-3	0	-2	0
T	0	-1	-1	-1	-1	-2	-2	-2	-1	-1	-1	-1	0	-1	-1	-1	1	5	0	-2	0	-2	-1
V	0	-3	-1	-3	-2	-1	-3	-3	3	-2	1	1	-3	-2	-2	-3	-2	0	4	-3	-1	-1	-2
W	-3	-4	-2	-4	-3	1	-2	-2	-3	-3	-2	-1	-4	-4	-2	-3	-3	-2	-3	11	-2	2	-3
X	0	-1	-2	-1	-1	-1	-1	-1	-1	-1	-1	-1	-1	-2	-1	-1	0	0	-1	-2	-1	-1	-1
Y	-2	-3	-2	-3	-2	3	-3	2	-1	-2	-1	-1	-2	-3	-1	-2	-2	-2	-1	2	-1	7	-2
Z	-1	1	-3	1	4	-3	-2	0	-3	1	-3	-1	0	-1	3	0	0	-1	-2	-3	-1	-2	4
